
init = [100, 10, 255, 1.6, 3.5, 3.5 - 1.6, 1.6, 3.5, 0, 0, 0, 0, 0, 0, 0, 0, 0, 0, 0, 0, 8, -1, 1.6, 3.5 - 1.6, 0.3, 0, 0, 0, 0, 0, 0.1339, 0.5247, 0.9, 0.1, 103.1435, 40.3928, 0, 0, 50, 30, 48.5383, 104.3637, 39.5616, 104.2258, 39.6736, 104.0505, 39.8127, 103.8005, 40.0061, 103.3579, 40.3359, 88, 40.9432, 103.1435, 40.3928, 48.5383, 0.3, 0.3, 0, 1.2, 0, 0, 80, 75, 80, 5000/60*0.85*0.35, 5000/60/2, 607.8 * 1.3, 1361.6 * 1.5, 279.49 * 1.1, 93.16 * 1.1, 190.95 * 1.5, 286.4 * 1.5, 280, 15.908 * 3, 24 * 1.1, 24 *2, 38.703 * 1.1, 20, 116.6775 * 1, 114 * 1.1, 0.08, 0.8, 0.8, 0.8, 0.8, 0.8, 0.8, 0.8, 26, 4, 1, 1, 0, 0, 0, 80, 8.0807, 4.4492, 0, 0, 0, 0, 0, 0, 0, 0, 0, 0, 0, 0, 0, 0, 0, 0, 0, 0, 0, 0, 0, 0, 0, 0, 0, 0, 0, 0, 0, 0, 0, 0, 0, 0, 0, 0, 0, 0, 0, 0, 0, 0, 0, 0, 0, 0, 0, 0, 0, 0, 0, 0, 0, 0, 0, 0, 0, 0, 0];
local_vars = [5000, 5000/60];
pars = [1, 2, 50, 50, 0.8, 3.39, 6.8, 0, -2.5, -4, -9, -40, 640, 47, 0, 0.73, 2.5, 3, 15, 6, 0.1587, 0.8326, 1.366, 0.82128, 3.02, 10^6, 0.001, 10.545, 10.545, 21.0379, 0.0421, 1, 1, 1, 1.85, 0.43, 0.0227, 13, 194.4, 0.3836, 1.819, 0.03198, 0.05591, 0.008275, 0.03255, 9, 87, 0.588, 1, 0.3, 0.3, 0.3, 0.3, 320, 346000, 0.015, 0.0183, 0.0043, 0.36, 0.0009, 0.000925, 0.2025, 0.2332, 4.72 * 10^(-9), 1, 17.4, 0.1698, 0.0673, 1.101, 0.86, 0.489, 50, 1000, 0, 1.2, 0.22, 0.06, 0, 24.17, 3.93, 0.668, 0.668, 0.119, 0.21, 0.315, 20, 61.1, 10.71, 3.57, 6.28, 9.4, 0.04, 0.038, 0.075, 0.224, 0.125, 0.0833, 127.72, 260.3, 68.42, 23, 40.1, 60.22, 50, 50, 279.49, 93.16, 50, 7, 5027.6, 0.3855, -5, 0.15, 0.4, 0.001, 0.025, 123, 350, 50, 0.76, 5.8, 25.37, 0.18, 0.023, 0.0894, 0.0056, 0, 116.6775, 114, 19.3, 31.25, 0.014, 0.011, 0.000375, 0.0014, 0.075, 1.5, 1.5, 0.0025, 0.0025, 0.5, 24, 15.908, 24, 38.703, 50, 0.75, 1, 2.52, 47.78, 11.76, 92, 2.076, 6.37, 1.4, 12.3, 0.835, 29.27, 3, 45, 40, 2, 11.76, 2, 20.9, 92.8, 10570, -5.251, 0.14, 10, 0.7917, 6.57, 20, 10, 0.11, 0.155, 35, 30, 11.11, 142.8, 0.4, 0.86, 19.71, 5, 12660, 0.1555, 4, 30, 40, 0.4266, 0.18, 0.516, 20, -1.87, 40, 10, 1, 1.5, 0, 6, 2, 2, 45, 30, 30, 20, 30, 3.6, 13.32, 13.32, 53, 6, 6, 25, 16.11, 2.1, 60, 3.2, 6.3, 0.0675, 7.06, 0.658, 0.65, 0.45, 0.126, 0.114, 0.13, 0.09, 0.0162, 9, 5.5, 64.9, 1.9, -0.0283, -0.037, -0.437, -0.0008, -0.68, -1.75, -1.1375, -1.1375, 1, 1.716, 1.716, 0.2, 0, -0.3997, -0.3997, -0.103, 0.4, 0.4, 0.4, 0.4, 2, 2, 2, 2, 2, 2, 5, 5, 5, 5, 2.392, 1.412, 3.510, 1.655, 5.270, 2.49, 286.4, 190.95, 607.8, 1361.6, 0.475, 0.282, 2.47, 1.94, 2.47, 0.695, -58.29, -74.21, -58.29, -265.4, 8, 8, 2, 2, 2, 2, 20, 20, 20, 20, 2.66, 2, 0.2, -0.18, 0.09, 0.58, 2, 1.5, 1.2, 1.2, 20, -20, 0.25, 1.8, 1.95, 60, -2.5, 0.45, 0];
taus = [0.588 / 255];